,BMX,Ciclismo_1.0,Ciclismo_2.0,Ciclismo_3.0,Ciclismo_4.0,Ciclismo_5.0,Ciclismo estacionario_1.0,Ciclismo estacionario_2.0,Ciclismo estacionario_3.0,Ciclismo estacionario_4.0,Ciclismo estacionario_5.0,Calistenia_1.0,Calistenia_2.0,Entrenamiento en circuito,Levantamiento de peso_1.0,Levantamiento de peso_2.0,Máquina escaladora,Aeróbicos_1.0,Aeróbicos_2.0,Aeróbicos_3.0,Yoga,Aeróbicos acuáticos,Correr,Atletismo_1.0,Atletismo_2.0,Atletismo_3.0,Bádminton,Baloncesto,Bolos,Billar,Boxeo,Dardos,Frisbee,Ultimate frisbee,Golf,Minigolf,Gimnasia,Balonmano,Hockey,Petanca,Calva,Artes marciales,Kickboxing,Kickball,Padel,Raquetbol,Escalada,Salto a la comba_1.0,Salto a la comba_2.0,Salto a la comba_3.0,Chito,Skateboard,Patinaje,Fútbol,Fútbol sala,Sóftbol,Béisbol,Tenis de mesa,Tai chi,Tenis,Tenis en pareja,Voleibol,Marcha rápida,Montañismo,Caminar_1.0,Caminar_2.0,Caminar_3.0,Natación_1.0,Natación_2.0,Natación_3.0,Nado sincronizado,Waterpolo,Voleibol acuático,Patinaje sobre hielo,Frontenis,Senderismo
0,0.9999999999999999,0.9565651985923043,0.9873897273132887,0.9995401283271144,0.9962747907792426,0.9819728336391726,0.3904895289925379,0.3904895289925379,0.3904895289925379,0.3904895289925379,0.3904895289925379,0.3904895289925379,0.3904895289925379,0.3904895289925379,0.3904895289925379,0.3904895289925379,0.3904895289925379,0.3904895289925379,0.3904895289925379,0.3904895289925379,0.3904895289925379,0.3904895289925379,0.7585698696602134,0.3904895289925379,0.3904895289925379,0.3904895289925379,0.41817137374086827,0.11831257192997544,0.019336784237033805,0.0,0.1744645860559524,0.0,0.7625382329723186,0.5705255280087314,0.9662380237125874,0.6695058675587955,0.3904895289925379,0.21768434162470074,0.5705255280087314,0.47370262733235735,0.47370262733235735,0.18291459009572714,0.23425374150200212,0.46189398580227625,0.38782223866095733,0.403206478590749,0.3904895289925379,0.7585698696602134,0.7550778870751321,0.7409336611253861,0.47370262733235735,0.7261974786402372,0.7538464235841954,0.18291459009572714,0.11831257192997544,0.4277281371941397,0.4277281371941397,0.3536934991090548,0.3904895289925379,0.4104451284272617,0.38782223866095733,0.14151092769034831,0.7494054330598322,0.7585698696602134,0.6695058675587955,0.7261974786402372,0.7471815712051718,0.3904895289925379,0.3904895289925379,0.3904895289925379,0.18815271307530446,0.18291459009572714,0.013681561194738017,0.3904895289925379,0.46936535750074515,0.7433320645695488
1,0.9565651985923043,1.0,0.9906524525458393,0.9649652445411013,0.9278625858533215,0.884217604653074,0.1051546382516244,0.1051546382516244,0.1051546382516244,0.1051546382516244,0.1051546382516244,0.1051546382516244,0.1051546382516244,0.1051546382516244,0.1051546382516244,0.1051546382516244,0.1051546382516244,0.1051546382516244,0.1051546382516244,0.1051546382516244,0.1051546382516244,0.1051546382516244,0.6668419097212005,0.1051546382516244,0.1051546382516244,0.1051546382516244,0.41537113593215985,0.031860305534988115,0.005207188414606269,0.0,0.046981440147102246,0.0,0.8146462010918825,0.5015363091239755,0.9993797181944546,0.7075309925493015,0.1051546382516244,0.05862005635758252,0.5015363091239755,0.5006069495876991,0.5006069495876991,0.04925693552419918,0.06308201787199084,0.41938192242470296,0.3644432981495267,0.36609592963582993,0.1051546382516244,0.6668419097212005,0.6256852000093039,0.5823164937648654,0.5006069495876991,0.7077077364016582,0.6844634744195641,0.04925693552419918,0.031860305534988115,0.41683773446275657,0.41683773446275657,0.35845508398646636,0.1051546382516244,0.3665977228907664,0.3644432981495267,0.03810737370684968,0.691982348025408,0.6668419097212005,0.7075309925493015,0.7077077364016582,0.6947265367935413,0.1051546382516244,0.1051546382516244,0.1051546382516244,0.050667505811336125,0.04925693552419918,0.003684297558149455,0.1051546382516244,0.41922356813665357,0.6985220604351472
2,0.9873897273132887,0.9906524525458393,1.0000000000000002,0.9917361622288089,0.970059714807514,0.9396661161428314,0.23982553715374955,0.23982553715374955,0.23982553715374955,0.23982553715374955,0.23982553715374955,0.23982553715374955,0.23982553715374955,0.23982553715374955,0.23982553715374955,0.23982553715374955,0.23982553715374955,0.23982553715374955,0.23982553715374955,0.23982553715374955,0.23982553715374955,0.23982553715374955,0.7170839769712289,0.23982553715374955,0.23982553715374955,0.23982553715374955,0.42124092905682986,0.07266360301223393,0.011876002612509,0.0,0.10715028178380402,0.0,0.7992056161833418,0.5393237076122813,0.9948418109468814,0.6975043954063286,0.23982553715374955,0.13369440224119764,0.5393237076122813,0.49351272436881066,0.49351272436881066,0.11233999010458477,0.14387077044277627,0.44387807842316335,0.3793834457559777,0.38747964343758734,0.23982553715374955,0.7170839769712289,0.6930999340829652,0.6629301728794238,0.49351272436881066,0.7241280561495802,0.7244430804733758,0.11233999010458477,0.07266360301223393,0.42650925355293823,0.42650925355293823,0.36016171610188863,0.23982553715374955,0.391139319133629,0.3793834457559777,0.0869112529957538,0.7264481139260137,0.7170839769712289,0.6975043954063286,0.7241280561495802,0.726897727596951,0.23982553715374955,0.23982553715374955,0.23982553715374955,0.1155570690887399,0.11233999010458477,0.008402754796256373,0.23982553715374955,0.447288160201148,0.7271575786138397
3,0.9995401283271144,0.9649652445411013,0.9917361622288089,0.9999999999999999,0.9932016491188518,0.975789386879596,0.36239365510119104,0.36239365510119104,0.36239365510119104,0.36239365510119104,0.36239365510119104,0.36239365510119104,0.36239365510119104,0.36239365510119104,0.36239365510119104,0.36239365510119104,0.36239365510119104,0.36239365510119104,0.36239365510119104,0.36239365510119104,0.36239365510119104,0.36239365510119104,0.7521067614566435,0.36239365510119104,0.36239365510119104,0.36239365510119104,0.41957712461006835,0.109799936240917,0.01794549507035741,0.0,0.16191179105276618,0.0,0.7710530583415245,0.5656645806288004,0.9736066340089243,0.6761782481215952,0.36239365510119104,0.20202186835380967,0.5656645806288004,0.4784236079186582,0.4784236079186582,0.16975381400660652,0.2173990934483223,0.4593463442315944,0.38696422710680123,0.40098253626198743,0.36239365510119104,0.7521067614566435,0.7446827185703436,0.7274411585650054,0.4784236079186582,0.7272212435853487,0.7496884770733804,0.16975381400660652,0.109799936240917,0.42833113167673853,0.42833113167673853,0.3556241661321008,0.36239365510119104,0.40754979357686116,0.38696422710680123,0.131329161257601,0.746473530411257,0.7521067614566435,0.6761782481215952,0.7272212435853487,0.7447574208062754,0.36239365510119104,0.36239365510119104,0.36239365510119104,0.17461505199507726,0.16975381400660652,0.012697167531338531,0.36239365510119104,0.46605439147137623,0.7416875289127555
4,0.9962747907792426,0.9278625858533215,0.970059714807514,0.9932016491188518,1.0,0.9946151724810985,0.4684238027269165,0.4684238027269165,0.4684238027269165,0.4684238027269165,0.4684238027269165,0.4684238027269165,0.4684238027269165,0.4684238027269165,0.4684238027269165,0.4684238027269165,0.4684238027269165,0.4684238027269165,0.4684238027269165,0.4684238027269165,0.4684238027269165,0.4684238027269165,0.773131902758794,0.4684238027269165,0.4684238027269165,0.4684238027269165,0.4120690141591475,0.14192550821228292,0.02319603813241907,0.0,0.20928439503193003,0.0,0.7344857462273929,0.5814777315627292,0.9404199449684554,0.6471611942377099,0.4684238027269165,0.26112999076063853,0.5814777315627292,0.4578928622922445,0.4578928622922445,0.21942085896114522,0.2810063273155599,0.4668143067408479,0.3883103591776929,0.4075016314616657,0.4684238027269165,0.773131902758794,0.7808395670562377,0.7755747895531423,0.4578928622922445,0.7196311224270405,0.7618767648669166,0.21942085896114522,0.14192550821228292,0.4238605730757917,0.4238605730757917,0.3464228897088509,0.4684238027269165,0.4166131686442561,0.3883103591776929,0.16975381400660652,0.753971477797135,0.773131902758794,0.6471611942377099,0.7196311224270405,0.7503148526393916,0.4684238027269165,0.4684238027269165,0.4684238027269165,0.2257044115357182,0.21942085896114522,0.016412140265616867,0.4684238027269165,0.47641883237720867,0.7442676365798507
5,0.9819728336391726,0.884217604653074,0.9396661161428314,0.975789386879596,0.9946151724810985,1.0,0.5574652467284483,0.5574652467284483,0.5574652467284483,0.5574652467284483,0.5574652467284483,0.5574652467284483,0.5574652467284483,0.5574652467284483,0.5574652467284483,0.5574652467284483,0.5574652467284483,0.5574652467284483,0.5574652467284483,0.5574652467284483,0.5574652467284483,0.5574652467284483,0.7830080219942968,0.5574652467284483,0.5574652467284483,0.5574652467284483,0.40067151011662483,0.16890375337895788,0.02760531178248012,0.0,0.24906671316381615,0.0,0.6935291185748849,0.5889056276167028,0.9001177411867521,0.6139253552620215,0.5574652467284483,0.31076750131000974,0.5889056276167028,0.4343771546528396,0.4343771546528396,0.26112999076063853,0.3344220782062795,0.4681239069005916,0.3850675554782278,0.408644835930663,0.5574652467284483,0.7830080219942968,0.804099341415223,0.809557750043198,0.4343771546528396,0.704642886135462,0.7640141328065171,0.26112999076063853,0.16890375337895788,0.41503254684685675,0.41503254684685675,0.33426877665199384,0.5574652467284483,0.41991734172623785,0.3850675554782278,0.20202186835380967,0.7520234356531371,0.7830080219942968,0.6139253552620215,0.704642886135462,0.7466809851935937,0.5574652467284483,0.5574652467284483,0.5574652467284483,0.2686079672552652,0.26112999076063853,0.01953188067995734,0.5574652467284483,0.48019732619393707,0.7380522117572828
6,0.3904895289925379,0.1051546382516244,0.23982553715374955,0.36239365510119104,0.4684238027269165,0.5574652467284483,1.0,1.0,1.0,1.0,1.0,1.0,1.0,1.0,1.0,1.0,1.0,1.0,1.0,1.0,1.0,1.0,0.48183804969300464,1.0,1.0,1.0,0.11477575810641635,0.30298526118029745,0.04951934124052612,0.0,0.44678428767621664,0.0,0.028613402824921634,0.36239365510119104,0.14011034343223797,0.04951934124052612,1.0,0.5574652467284483,0.36239365510119104,0.035036947674464955,0.035036947674464955,0.4684238027269165,0.5998976262087647,0.25126058726761313,0.1720745858475976,0.21933582102146218,1.0,0.48183804969300464,0.5998976262087647,0.6886046692761599,0.035036947674464955,0.2423530701165544,0.41007655635602197,0.4684238027269165,0.30298526118029745,0.14274523152894197,0.14274523152894197,0.07456196064543112,1.0,0.24244435079557677,0.1720745858475976,0.36239365510119104,0.3711826247565234,0.48183804969300464,0.04951934124052612,0.2423530701165544,0.3549303000400163,1.0,1.0,1.0,0.48183804969300464,0.4684238027269165,0.035036947674464955,1.0,0.2772477281463665,0.32981233257710435
7,0.3904895289925379,0.1051546382516244,0.23982553715374955,0.36239365510119104,0.4684238027269165,0.5574652467284483,1.0,1.0,1.0,1.0,1.0,1.0,1.0,1.0,1.0,1.0,1.0,1.0,1.0,1.0,1.0,1.0,0.48183804969300464,1.0,1.0,1.0,0.11477575810641635,0.30298526118029745,0.04951934124052612,0.0,0.44678428767621664,0.0,0.028613402824921634,0.36239365510119104,0.14011034343223797,0.04951934124052612,1.0,0.5574652467284483,0.36239365510119104,0.035036947674464955,0.035036947674464955,0.4684238027269165,0.5998976262087647,0.25126058726761313,0.1720745858475976,0.21933582102146218,1.0,0.48183804969300464,0.5998976262087647,0.6886046692761599,0.035036947674464955,0.2423530701165544,0.41007655635602197,0.4684238027269165,0.30298526118029745,0.14274523152894197,0.14274523152894197,0.07456196064543112,1.0,0.24244435079557677,0.1720745858475976,0.36239365510119104,0.3711826247565234,0.48183804969300464,0.04951934124052612,0.2423530701165544,0.3549303000400163,1.0,1.0,1.0,0.48183804969300464,0.4684238027269165,0.035036947674464955,1.0,0.2772477281463665,0.32981233257710435
8,0.3904895289925379,0.1051546382516244,0.23982553715374955,0.36239365510119104,0.4684238027269165,0.5574652467284483,1.0,1.0,1.0,1.0,1.0,1.0,1.0,1.0,1.0,1.0,1.0,1.0,1.0,1.0,1.0,1.0,0.48183804969300464,1.0,1.0,1.0,0.11477575810641635,0.30298526118029745,0.04951934124052612,0.0,0.44678428767621664,0.0,0.028613402824921634,0.36239365510119104,0.14011034343223797,0.04951934124052612,1.0,0.5574652467284483,0.36239365510119104,0.035036947674464955,0.035036947674464955,0.4684238027269165,0.5998976262087647,0.25126058726761313,0.1720745858475976,0.21933582102146218,1.0,0.48183804969300464,0.5998976262087647,0.6886046692761599,0.035036947674464955,0.2423530701165544,0.41007655635602197,0.4684238027269165,0.30298526118029745,0.14274523152894197,0.14274523152894197,0.07456196064543112,1.0,0.24244435079557677,0.1720745858475976,0.36239365510119104,0.3711826247565234,0.48183804969300464,0.04951934124052612,0.2423530701165544,0.3549303000400163,1.0,1.0,1.0,0.48183804969300464,0.4684238027269165,0.035036947674464955,1.0,0.2772477281463665,0.32981233257710435
9,0.3904895289925379,0.1051546382516244,0.23982553715374955,0.36239365510119104,0.4684238027269165,0.5574652467284483,1.0,1.0,1.0,1.0,1.0,1.0,1.0,1.0,1.0,1.0,1.0,1.0,1.0,1.0,1.0,1.0,0.48183804969300464,1.0,1.0,1.0,0.11477575810641635,0.30298526118029745,0.04951934124052612,0.0,0.44678428767621664,0.0,0.028613402824921634,0.36239365510119104,0.14011034343223797,0.04951934124052612,1.0,0.5574652467284483,0.36239365510119104,0.035036947674464955,0.035036947674464955,0.4684238027269165,0.5998976262087647,0.25126058726761313,0.1720745858475976,0.21933582102146218,1.0,0.48183804969300464,0.5998976262087647,0.6886046692761599,0.035036947674464955,0.2423530701165544,0.41007655635602197,0.4684238027269165,0.30298526118029745,0.14274523152894197,0.14274523152894197,0.07456196064543112,1.0,0.24244435079557677,0.1720745858475976,0.36239365510119104,0.3711826247565234,0.48183804969300464,0.04951934124052612,0.2423530701165544,0.3549303000400163,1.0,1.0,1.0,0.48183804969300464,0.4684238027269165,0.035036947674464955,1.0,0.2772477281463665,0.32981233257710435
10,0.3904895289925379,0.1051546382516244,0.23982553715374955,0.36239365510119104,0.4684238027269165,0.5574652467284483,1.0,1.0,1.0,1.0,1.0,1.0,1.0,1.0,1.0,1.0,1.0,1.0,1.0,1.0,1.0,1.0,0.48183804969300464,1.0,1.0,1.0,0.11477575810641635,0.30298526118029745,0.04951934124052612,0.0,0.44678428767621664,0.0,0.028613402824921634,0.36239365510119104,0.14011034343223797,0.04951934124052612,1.0,0.5574652467284483,0.36239365510119104,0.035036947674464955,0.035036947674464955,0.4684238027269165,0.5998976262087647,0.25126058726761313,0.1720745858475976,0.21933582102146218,1.0,0.48183804969300464,0.5998976262087647,0.6886046692761599,0.035036947674464955,0.2423530701165544,0.41007655635602197,0.4684238027269165,0.30298526118029745,0.14274523152894197,0.14274523152894197,0.07456196064543112,1.0,0.24244435079557677,0.1720745858475976,0.36239365510119104,0.3711826247565234,0.48183804969300464,0.04951934124052612,0.2423530701165544,0.3549303000400163,1.0,1.0,1.0,0.48183804969300464,0.4684238027269165,0.035036947674464955,1.0,0.2772477281463665,0.32981233257710435
11,0.3904895289925379,0.1051546382516244,0.23982553715374955,0.36239365510119104,0.4684238027269165,0.5574652467284483,1.0,1.0,1.0,1.0,1.0,1.0,1.0,1.0,1.0,1.0,1.0,1.0,1.0,1.0,1.0,1.0,0.48183804969300464,1.0,1.0,1.0,0.11477575810641635,0.30298526118029745,0.04951934124052612,0.0,0.44678428767621664,0.0,0.028613402824921634,0.36239365510119104,0.14011034343223797,0.04951934124052612,1.0,0.5574652467284483,0.36239365510119104,0.035036947674464955,0.035036947674464955,0.4684238027269165,0.5998976262087647,0.25126058726761313,0.1720745858475976,0.21933582102146218,1.0,0.48183804969300464,0.5998976262087647,0.6886046692761599,0.035036947674464955,0.2423530701165544,0.41007655635602197,0.4684238027269165,0.30298526118029745,0.14274523152894197,0.14274523152894197,0.07456196064543112,1.0,0.24244435079557677,0.1720745858475976,0.36239365510119104,0.3711826247565234,0.48183804969300464,0.04951934124052612,0.2423530701165544,0.3549303000400163,1.0,1.0,1.0,0.48183804969300464,0.4684238027269165,0.035036947674464955,1.0,0.2772477281463665,0.32981233257710435
12,0.3904895289925379,0.1051546382516244,0.23982553715374955,0.36239365510119104,0.4684238027269165,0.5574652467284483,1.0,1.0,1.0,1.0,1.0,1.0,1.0,1.0,1.0,1.0,1.0,1.0,1.0,1.0,1.0,1.0,0.48183804969300464,1.0,1.0,1.0,0.11477575810641635,0.30298526118029745,0.04951934124052612,0.0,0.44678428767621664,0.0,0.028613402824921634,0.36239365510119104,0.14011034343223797,0.04951934124052612,1.0,0.5574652467284483,0.36239365510119104,0.035036947674464955,0.035036947674464955,0.4684238027269165,0.5998976262087647,0.25126058726761313,0.1720745858475976,0.21933582102146218,1.0,0.48183804969300464,0.5998976262087647,0.6886046692761599,0.035036947674464955,0.2423530701165544,0.41007655635602197,0.4684238027269165,0.30298526118029745,0.14274523152894197,0.14274523152894197,0.07456196064543112,1.0,0.24244435079557677,0.1720745858475976,0.36239365510119104,0.3711826247565234,0.48183804969300464,0.04951934124052612,0.2423530701165544,0.3549303000400163,1.0,1.0,1.0,0.48183804969300464,0.4684238027269165,0.035036947674464955,1.0,0.2772477281463665,0.32981233257710435
13,0.3904895289925379,0.1051546382516244,0.23982553715374955,0.36239365510119104,0.4684238027269165,0.5574652467284483,1.0,1.0,1.0,1.0,1.0,1.0,1.0,1.0,1.0,1.0,1.0,1.0,1.0,1.0,1.0,1.0,0.48183804969300464,1.0,1.0,1.0,0.11477575810641635,0.30298526118029745,0.04951934124052612,0.0,0.44678428767621664,0.0,0.028613402824921634,0.36239365510119104,0.14011034343223797,0.04951934124052612,1.0,0.5574652467284483,0.36239365510119104,0.035036947674464955,0.035036947674464955,0.4684238027269165,0.5998976262087647,0.25126058726761313,0.1720745858475976,0.21933582102146218,1.0,0.48183804969300464,0.5998976262087647,0.6886046692761599,0.035036947674464955,0.2423530701165544,0.41007655635602197,0.4684238027269165,0.30298526118029745,0.14274523152894197,0.14274523152894197,0.07456196064543112,1.0,0.24244435079557677,0.1720745858475976,0.36239365510119104,0.3711826247565234,0.48183804969300464,0.04951934124052612,0.2423530701165544,0.3549303000400163,1.0,1.0,1.0,0.48183804969300464,0.4684238027269165,0.035036947674464955,1.0,0.2772477281463665,0.32981233257710435
14,0.3904895289925379,0.1051546382516244,0.23982553715374955,0.36239365510119104,0.4684238027269165,0.5574652467284483,1.0,1.0,1.0,1.0,1.0,1.0,1.0,1.0,1.0,1.0,1.0,1.0,1.0,1.0,1.0,1.0,0.48183804969300464,1.0,1.0,1.0,0.11477575810641635,0.30298526118029745,0.04951934124052612,0.0,0.44678428767621664,0.0,0.028613402824921634,0.36239365510119104,0.14011034343223797,0.04951934124052612,1.0,0.5574652467284483,0.36239365510119104,0.035036947674464955,0.035036947674464955,0.4684238027269165,0.5998976262087647,0.25126058726761313,0.1720745858475976,0.21933582102146218,1.0,0.48183804969300464,0.5998976262087647,0.6886046692761599,0.035036947674464955,0.2423530701165544,0.41007655635602197,0.4684238027269165,0.30298526118029745,0.14274523152894197,0.14274523152894197,0.07456196064543112,1.0,0.24244435079557677,0.1720745858475976,0.36239365510119104,0.3711826247565234,0.48183804969300464,0.04951934124052612,0.2423530701165544,0.3549303000400163,1.0,1.0,1.0,0.48183804969300464,0.4684238027269165,0.035036947674464955,1.0,0.2772477281463665,0.32981233257710435
15,0.3904895289925379,0.1051546382516244,0.23982553715374955,0.36239365510119104,0.4684238027269165,0.5574652467284483,1.0,1.0,1.0,1.0,1.0,1.0,1.0,1.0,1.0,1.0,1.0,1.0,1.0,1.0,1.0,1.0,0.48183804969300464,1.0,1.0,1.0,0.11477575810641635,0.30298526118029745,0.04951934124052612,0.0,0.44678428767621664,0.0,0.028613402824921634,0.36239365510119104,0.14011034343223797,0.04951934124052612,1.0,0.5574652467284483,0.36239365510119104,0.035036947674464955,0.035036947674464955,0.4684238027269165,0.5998976262087647,0.25126058726761313,0.1720745858475976,0.21933582102146218,1.0,0.48183804969300464,0.5998976262087647,0.6886046692761599,0.035036947674464955,0.2423530701165544,0.41007655635602197,0.4684238027269165,0.30298526118029745,0.14274523152894197,0.14274523152894197,0.07456196064543112,1.0,0.24244435079557677,0.1720745858475976,0.36239365510119104,0.3711826247565234,0.48183804969300464,0.04951934124052612,0.2423530701165544,0.3549303000400163,1.0,1.0,1.0,0.48183804969300464,0.4684238027269165,0.035036947674464955,1.0,0.2772477281463665,0.32981233257710435
16,0.3904895289925379,0.1051546382516244,0.23982553715374955,0.36239365510119104,0.4684238027269165,0.5574652467284483,1.0,1.0,1.0,1.0,1.0,1.0,1.0,1.0,1.0,1.0,1.0,1.0,1.0,1.0,1.0,1.0,0.48183804969300464,1.0,1.0,1.0,0.11477575810641635,0.30298526118029745,0.04951934124052612,0.0,0.44678428767621664,0.0,0.028613402824921634,0.36239365510119104,0.14011034343223797,0.04951934124052612,1.0,0.5574652467284483,0.36239365510119104,0.035036947674464955,0.035036947674464955,0.4684238027269165,0.5998976262087647,0.25126058726761313,0.1720745858475976,0.21933582102146218,1.0,0.48183804969300464,0.5998976262087647,0.6886046692761599,0.035036947674464955,0.2423530701165544,0.41007655635602197,0.4684238027269165,0.30298526118029745,0.14274523152894197,0.14274523152894197,0.07456196064543112,1.0,0.24244435079557677,0.1720745858475976,0.36239365510119104,0.3711826247565234,0.48183804969300464,0.04951934124052612,0.2423530701165544,0.3549303000400163,1.0,1.0,1.0,0.48183804969300464,0.4684238027269165,0.035036947674464955,1.0,0.2772477281463665,0.32981233257710435
17,0.3904895289925379,0.1051546382516244,0.23982553715374955,0.36239365510119104,0.4684238027269165,0.5574652467284483,1.0,1.0,1.0,1.0,1.0,1.0,1.0,1.0,1.0,1.0,1.0,1.0,1.0,1.0,1.0,1.0,0.48183804969300464,1.0,1.0,1.0,0.11477575810641635,0.30298526118029745,0.04951934124052612,0.0,0.44678428767621664,0.0,0.028613402824921634,0.36239365510119104,0.14011034343223797,0.04951934124052612,1.0,0.5574652467284483,0.36239365510119104,0.035036947674464955,0.035036947674464955,0.4684238027269165,0.5998976262087647,0.25126058726761313,0.1720745858475976,0.21933582102146218,1.0,0.48183804969300464,0.5998976262087647,0.6886046692761599,0.035036947674464955,0.2423530701165544,0.41007655635602197,0.4684238027269165,0.30298526118029745,0.14274523152894197,0.14274523152894197,0.07456196064543112,1.0,0.24244435079557677,0.1720745858475976,0.36239365510119104,0.3711826247565234,0.48183804969300464,0.04951934124052612,0.2423530701165544,0.3549303000400163,1.0,1.0,1.0,0.48183804969300464,0.4684238027269165,0.035036947674464955,1.0,0.2772477281463665,0.32981233257710435
18,0.3904895289925379,0.1051546382516244,0.23982553715374955,0.36239365510119104,0.4684238027269165,0.5574652467284483,1.0,1.0,1.0,1.0,1.0,1.0,1.0,1.0,1.0,1.0,1.0,1.0,1.0,1.0,1.0,1.0,0.48183804969300464,1.0,1.0,1.0,0.11477575810641635,0.30298526118029745,0.04951934124052612,0.0,0.44678428767621664,0.0,0.028613402824921634,0.36239365510119104,0.14011034343223797,0.04951934124052612,1.0,0.5574652467284483,0.36239365510119104,0.035036947674464955,0.035036947674464955,0.4684238027269165,0.5998976262087647,0.25126058726761313,0.1720745858475976,0.21933582102146218,1.0,0.48183804969300464,0.5998976262087647,0.6886046692761599,0.035036947674464955,0.2423530701165544,0.41007655635602197,0.4684238027269165,0.30298526118029745,0.14274523152894197,0.14274523152894197,0.07456196064543112,1.0,0.24244435079557677,0.1720745858475976,0.36239365510119104,0.3711826247565234,0.48183804969300464,0.04951934124052612,0.2423530701165544,0.3549303000400163,1.0,1.0,1.0,0.48183804969300464,0.4684238027269165,0.035036947674464955,1.0,0.2772477281463665,0.32981233257710435
19,0.3904895289925379,0.1051546382516244,0.23982553715374955,0.36239365510119104,0.4684238027269165,0.5574652467284483,1.0,1.0,1.0,1.0,1.0,1.0,1.0,1.0,1.0,1.0,1.0,1.0,1.0,1.0,1.0,1.0,0.48183804969300464,1.0,1.0,1.0,0.11477575810641635,0.30298526118029745,0.04951934124052612,0.0,0.44678428767621664,0.0,0.028613402824921634,0.36239365510119104,0.14011034343223797,0.04951934124052612,1.0,0.5574652467284483,0.36239365510119104,0.035036947674464955,0.035036947674464955,0.4684238027269165,0.5998976262087647,0.25126058726761313,0.1720745858475976,0.21933582102146218,1.0,0.48183804969300464,0.5998976262087647,0.6886046692761599,0.035036947674464955,0.2423530701165544,0.41007655635602197,0.4684238027269165,0.30298526118029745,0.14274523152894197,0.14274523152894197,0.07456196064543112,1.0,0.24244435079557677,0.1720745858475976,0.36239365510119104,0.3711826247565234,0.48183804969300464,0.04951934124052612,0.2423530701165544,0.3549303000400163,1.0,1.0,1.0,0.48183804969300464,0.4684238027269165,0.035036947674464955,1.0,0.2772477281463665,0.32981233257710435
20,0.3904895289925379,0.1051546382516244,0.23982553715374955,0.36239365510119104,0.4684238027269165,0.5574652467284483,1.0,1.0,1.0,1.0,1.0,1.0,1.0,1.0,1.0,1.0,1.0,1.0,1.0,1.0,1.0,1.0,0.48183804969300464,1.0,1.0,1.0,0.11477575810641635,0.30298526118029745,0.04951934124052612,0.0,0.44678428767621664,0.0,0.028613402824921634,0.36239365510119104,0.14011034343223797,0.04951934124052612,1.0,0.5574652467284483,0.36239365510119104,0.035036947674464955,0.035036947674464955,0.4684238027269165,0.5998976262087647,0.25126058726761313,0.1720745858475976,0.21933582102146218,1.0,0.48183804969300464,0.5998976262087647,0.6886046692761599,0.035036947674464955,0.2423530701165544,0.41007655635602197,0.4684238027269165,0.30298526118029745,0.14274523152894197,0.14274523152894197,0.07456196064543112,1.0,0.24244435079557677,0.1720745858475976,0.36239365510119104,0.3711826247565234,0.48183804969300464,0.04951934124052612,0.2423530701165544,0.3549303000400163,1.0,1.0,1.0,0.48183804969300464,0.4684238027269165,0.035036947674464955,1.0,0.2772477281463665,0.32981233257710435
21,0.3904895289925379,0.1051546382516244,0.23982553715374955,0.36239365510119104,0.4684238027269165,0.5574652467284483,1.0,1.0,1.0,1.0,1.0,1.0,1.0,1.0,1.0,1.0,1.0,1.0,1.0,1.0,1.0,1.0,0.48183804969300464,1.0,1.0,1.0,0.11477575810641635,0.30298526118029745,0.04951934124052612,0.0,0.44678428767621664,0.0,0.028613402824921634,0.36239365510119104,0.14011034343223797,0.04951934124052612,1.0,0.5574652467284483,0.36239365510119104,0.035036947674464955,0.035036947674464955,0.4684238027269165,0.5998976262087647,0.25126058726761313,0.1720745858475976,0.21933582102146218,1.0,0.48183804969300464,0.5998976262087647,0.6886046692761599,0.035036947674464955,0.2423530701165544,0.41007655635602197,0.4684238027269165,0.30298526118029745,0.14274523152894197,0.14274523152894197,0.07456196064543112,1.0,0.24244435079557677,0.1720745858475976,0.36239365510119104,0.3711826247565234,0.48183804969300464,0.04951934124052612,0.2423530701165544,0.3549303000400163,1.0,1.0,1.0,0.48183804969300464,0.4684238027269165,0.035036947674464955,1.0,0.2772477281463665,0.32981233257710435
22,0.7585698696602134,0.6668419097212005,0.7170839769712289,0.7521067614566435,0.773131902758794,0.7830080219942968,0.48183804969300464,0.48183804969300464,0.48183804969300464,0.48183804969300464,0.48183804969300464,0.48183804969300464,0.48183804969300464,0.48183804969300464,0.48183804969300464,0.48183804969300464,0.48183804969300464,0.48183804969300464,0.48183804969300464,0.48183804969300464,0.48183804969300464,0.48183804969300464,1.0,0.48183804969300464,0.48183804969300464,0.48183804969300464,0.05530332743803172,0.14598982733284016,0.02386030280541748,0.0,0.21527766980738655,0.0,0.5194889967899703,0.17461505199507726,0.6810081932376487,0.8990455647706268,0.48183804969300464,0.2686079672552652,0.17461505199507726,0.6361112975398211,0.6361112975398211,0.2257044115357182,0.28905350222789433,0.6107461969121974,0.08291208284653794,0.10568434422879526,0.48183804969300464,0.23216790613195842,0.28905350222789433,0.3317959308535214,0.6361112975398211,0.11677493064207259,0.19759048813940913,0.2257044115357182,0.14598982733284016,0.0687800839628818,0.0687800839628818,0.0359267896986811,0.48183804969300464,0.11681891314642737,0.08291208284653794,0.17461505199507726,0.9925100646157251,1.0,0.8990455647706268,0.9669122534903186,0.9902283279090134,0.48183804969300464,0.48183804969300464,0.48183804969300464,0.23216790613195842,0.2257044115357182,0.01688213453466005,0.48183804969300464,0.13358850461186159,0.9861466043415051
23,0.3904895289925379,0.1051546382516244,0.23982553715374955,0.36239365510119104,0.4684238027269165,0.5574652467284483,1.0,1.0,1.0,1.0,1.0,1.0,1.0,1.0,1.0,1.0,1.0,1.0,1.0,1.0,1.0,1.0,0.48183804969300464,1.0,1.0,1.0,0.11477575810641635,0.30298526118029745,0.04951934124052612,0.0,0.44678428767621664,0.0,0.028613402824921634,0.36239365510119104,0.14011034343223797,0.04951934124052612,1.0,0.5574652467284483,0.36239365510119104,0.035036947674464955,0.035036947674464955,0.4684238027269165,0.5998976262087647,0.25126058726761313,0.1720745858475976,0.21933582102146218,1.0,0.48183804969300464,0.5998976262087647,0.6886046692761599,0.035036947674464955,0.2423530701165544,0.41007655635602197,0.4684238027269165,0.30298526118029745,0.14274523152894197,0.14274523152894197,0.07456196064543112,1.0,0.24244435079557677,0.1720745858475976,0.36239365510119104,0.3711826247565234,0.48183804969300464,0.04951934124052612,0.2423530701165544,0.3549303000400163,1.0,1.0,1.0,0.48183804969300464,0.4684238027269165,0.035036947674464955,1.0,0.2772477281463665,0.32981233257710435
24,0.3904895289925379,0.1051546382516244,0.23982553715374955,0.36239365510119104,0.4684238027269165,0.5574652467284483,1.0,1.0,1.0,1.0,1.0,1.0,1.0,1.0,1.0,1.0,1.0,1.0,1.0,1.0,1.0,1.0,0.48183804969300464,1.0,1.0,1.0,0.11477575810641635,0.30298526118029745,0.04951934124052612,0.0,0.44678428767621664,0.0,0.028613402824921634,0.36239365510119104,0.14011034343223797,0.04951934124052612,1.0,0.5574652467284483,0.36239365510119104,0.035036947674464955,0.035036947674464955,0.4684238027269165,0.5998976262087647,0.25126058726761313,0.1720745858475976,0.21933582102146218,1.0,0.48183804969300464,0.5998976262087647,0.6886046692761599,0.035036947674464955,0.2423530701165544,0.41007655635602197,0.4684238027269165,0.30298526118029745,0.14274523152894197,0.14274523152894197,0.07456196064543112,1.0,0.24244435079557677,0.1720745858475976,0.36239365510119104,0.3711826247565234,0.48183804969300464,0.04951934124052612,0.2423530701165544,0.3549303000400163,1.0,1.0,1.0,0.48183804969300464,0.4684238027269165,0.035036947674464955,1.0,0.2772477281463665,0.32981233257710435
25,0.3904895289925379,0.1051546382516244,0.23982553715374955,0.36239365510119104,0.4684238027269165,0.5574652467284483,1.0,1.0,1.0,1.0,1.0,1.0,1.0,1.0,1.0,1.0,1.0,1.0,1.0,1.0,1.0,1.0,0.48183804969300464,1.0,1.0,1.0,0.11477575810641635,0.30298526118029745,0.04951934124052612,0.0,0.44678428767621664,0.0,0.028613402824921634,0.36239365510119104,0.14011034343223797,0.04951934124052612,1.0,0.5574652467284483,0.36239365510119104,0.035036947674464955,0.035036947674464955,0.4684238027269165,0.5998976262087647,0.25126058726761313,0.1720745858475976,0.21933582102146218,1.0,0.48183804969300464,0.5998976262087647,0.6886046692761599,0.035036947674464955,0.2423530701165544,0.41007655635602197,0.4684238027269165,0.30298526118029745,0.14274523152894197,0.14274523152894197,0.07456196064543112,1.0,0.24244435079557677,0.1720745858475976,0.36239365510119104,0.3711826247565234,0.48183804969300464,0.04951934124052612,0.2423530701165544,0.3549303000400163,1.0,1.0,1.0,0.48183804969300464,0.4684238027269165,0.035036947674464955,1.0,0.2772477281463665,0.32981233257710435
26,0.41817137374086827,0.41537113593215985,0.42124092905682986,0.41957712461006835,0.4120690141591475,0.40067151011662483,0.11477575810641635,0.11477575810641635,0.11477575810641635,0.11477575810641635,0.11477575810641635,0.11477575810641635,0.11477575810641635,0.11477575810641635,0.11477575810641635,0.11477575810641635,0.11477575810641635,0.11477575810641635,0.11477575810641635,0.11477575810641635,0.11477575810641635,0.11477575810641635,0.05530332743803172,0.11477575810641635,0.11477575810641635,0.11477575810641635,1.0,0.4212629184166909,0.005683619931811714,0.0,0.051280005328072975,0.0,0.6652739147871832,0.7975602427229423,0.41763123130762175,0.005683619931811714,0.11477575810641635,0.40067151011662483,0.7975602427229423,0.004021392231071556,0.004021392231071556,0.4120690141591475,0.06885370483435056,0.34934626147527387,0.867219868560442,0.8645277912185659,0.11477575810641635,0.557869103313806,0.5277255809572332,0.4949264090118896,0.004021392231071556,0.5842529141032134,0.570159902273286,0.4120690141591475,0.4212629184166909,0.671862736527124,0.671862736527124,0.8664653643460698,0.11477575810641635,0.8624620988201218,0.867219868560442,0.41957712461006835,0.042602767152359444,0.05530332743803172,0.005683619931811714,0.02781625735204501,0.04073739426203069,0.11477575810641635,0.11477575810641635,0.11477575810641635,0.557869103313806,0.4120690141591475,0.4093227429246491,0.11477575810641635,0.6681206254187788,0.037854460504382674
27,0.11831257192997544,0.031860305534988115,0.07266360301223393,0.109799936240917,0.14192550821228292,0.16890375337895788,0.30298526118029745,0.30298526118029745,0.30298526118029745,0.30298526118029745,0.30298526118029745,0.30298526118029745,0.30298526118029745,0.30298526118029745,0.30298526118029745,0.30298526118029745,0.30298526118029745,0.30298526118029745,0.30298526118029745,0.30298526118029745,0.30298526118029745,0.30298526118029745,0.14598982733284016,0.30298526118029745,0.30298526118029745,0.30298526118029745,0.4212629184166909,0.9999999999999998,0.688046302024474,0.0,0.13536905409283165,0.0,0.3975688187449482,0.5539076923791135,0.042451368998877796,0.01500363053923708,0.30298526118029745,0.9600806666562582,0.5539076923791135,0.48682073867961007,0.48682073867961007,0.5629130146859539,0.18176013895830304,0.8292832010666532,0.7159539741789327,0.7239158108451419,0.30298526118029745,0.14598982733284016,0.18176013895830304,0.20863706557060965,0.48682073867961007,0.07342940824711118,0.12424715253144629,0.9839005211596248,0.9999999999999998,0.8133987201886903,0.8133987201886903,0.6945847787823634,0.30298526118029745,0.7272217812887382,0.7159539741789327,0.99801544851731,0.11246286450744358,0.14598982733284016,0.01500363053923708,0.07342940824711118,0.10753864965842568,0.30298526118029745,0.30298526118029745,0.30298526118029745,0.7364748208171034,0.9839005211596248,0.9630257986171119,0.30298526118029745,0.45780895773690455,0.09992827572635708
28,0.019336784237033805,0.005207188414606269,0.011876002612509,0.01794549507035741,0.02319603813241907,0.02760531178248012,0.04951934124052612,0.04951934124052612,0.04951934124052612,0.04951934124052612,0.04951934124052612,0.04951934124052612,0.04951934124052612,0.04951934124052612,0.04951934124052612,0.04951934124052612,0.04951934124052612,0.04951934124052612,0.04951934124052612,0.04951934124052612,0.04951934124052612,0.04951934124052612,0.02386030280541748,0.04951934124052612,0.04951934124052612,0.04951934124052612,0.005683619931811714,0.688046302024474,1.0,0.0,0.02212446360234396,0.0,0.0014169168585399284,0.01794549507035741,0.0069381719077483,0.002452165156895671,0.04951934124052612,0.6139253552620215,0.01794549507035741,0.7075406658639286,0.7075406658639286,0.02319603813241907,0.029706535261613407,0.5705852398249291,0.5004587142422521,0.4980875966290486,0.04951934124052612,0.02386030280541748,0.029706535261613407,0.0340992495977058,0.7075406658639286,0.012001164379790812,0.020306720928933694,0.6471611942377099,0.688046302024474,0.5778054833855737,0.5778054833855737,0.501688740497083,0.04951934124052612,0.4964932251608444,0.5004587142422521,0.6761782481215952,0.018380719057872443,0.02386030280541748,0.002452165156895671,0.012001164379790812,0.017575914644283888,0.04951934124052612,0.04951934124052612,0.04951934124052612,0.02386030280541748,0.6471611942377099,0.7075406658639286,0.04951934124052612,0.5677658327125594,0.01633208944221952
29,0.0,0.0,0.0,0.0,0.0,0.0,0.0,0.0,0.0,0.0,0.0,0.0,0.0,0.0,0.0,0.0,0.0,0.0,0.0,0.0,0.0,0.0,0.0,0.0,0.0,0.0,0.0,0.0,0.0,0.0,0.0,0.0,0.0,0.0,0.0,0.0,0.0,0.0,0.0,0.0,0.0,0.0,0.0,0.0,0.0,0.0,0.0,0.0,0.0,0.0,0.0,0.0,0.0,0.0,0.0,0.0,0.0,0.0,0.0,0.0,0.0,0.0,0.0,0.0,0.0,0.0,0.0,0.0,0.0,0.0,0.0,0.0,0.0,0.0,0.0,0.0
30,0.1744645860559524,0.046981440147102246,0.10715028178380402,0.16191179105276618,0.20928439503193003,0.24906671316381615,0.44678428767621664,0.44678428767621664,0.44678428767621664,0.44678428767621664,0.44678428767621664,0.44678428767621664,0.44678428767621664,0.44678428767621664,0.44678428767621664,0.44678428767621664,0.44678428767621664,0.44678428767621664,0.44678428767621664,0.44678428767621664,0.44678428767621664,0.44678428767621664,0.21527766980738655,0.44678428767621664,0.44678428767621664,0.44678428767621664,0.051280005328072975,0.13536905409283165,0.02212446360234396,0.0,1.0000000000000002,0.0,0.012784018799125257,0.16191179105276618,0.06259909998644252,0.02212446360234396,0.44678428767621664,0.24906671316381615,0.16191179105276618,0.0156539577090847,0.0156539577090847,0.76819534470477,0.9838068882713816,0.11225928250346841,0.07688022126509889,0.09799579855695212,0.44678428767621664,0.21527766980738655,0.2680248336043362,0.30765774665306583,0.0156539577090847,0.10827954379816895,0.18321576212424118,0.20928439503193003,0.13536905409283165,0.06377632658783496,0.06377632658783496,0.03331311247471104,0.44678428767621664,0.10832032657132455,0.07688022126509889,0.16191179105276618,0.16583856459963173,0.21527766980738655,0.02212446360234396,0.10827954379816895,0.15857728127808454,0.44678428767621664,0.44678428767621664,0.44678428767621664,0.21527766980738655,0.20928439503193003,0.0156539577090847,0.44678428767621664,0.12386992872972372,0.14735496807729304
31,0.0,0.0,0.0,0.0,0.0,0.0,0.0,0.0,0.0,0.0,0.0,0.0,0.0,0.0,0.0,0.0,0.0,0.0,0.0,0.0,0.0,0.0,0.0,0.0,0.0,0.0,0.0,0.0,0.0,0.0,0.0,0.0,0.0,0.0,0.0,0.0,0.0,0.0,0.0,0.0,0.0,0.0,0.0,0.0,0.0,0.0,0.0,0.0,0.0,0.0,0.0,0.0,0.0,0.0,0.0,0.0,0.0,0.0,0.0,0.0,0.0,0.0,0.0,0.0,0.0,0.0,0.0,0.0,0.0,0.0,0.0,0.0,0.0,0.0,0.0,0.0
32,0.7625382329723186,0.8146462010918825,0.7992056161833418,0.7710530583415245,0.7344857462273929,0.6935291185748849,0.028613402824921634,0.028613402824921634,0.028613402824921634,0.028613402824921634,0.028613402824921634,0.028613402824921634,0.028613402824921634,0.028613402824921634,0.028613402824921634,0.028613402824921634,0.028613402824921634,0.028613402824921634,0.028613402824921634,0.028613402824921634,0.028613402824921634,0.028613402824921634,0.5194889967899703,0.028613402824921634,0.028613402824921634,0.028613402824921634,0.6652739147871832,0.3975688187449482,0.0014169168585399284,0.0,0.012784018799125257,0.0,0.9999999999999998,0.7710530583415245,0.8121205924940941,0.5778227679956437,0.028613402824921634,0.35474004812021015,0.7710530583415245,0.40883310601897604,0.40883310601897604,0.3739444725937999,0.01716511243242565,0.6522048649086829,0.573429239621209,0.569336763376167,0.028613402824921634,0.5194889967899703,0.4789005173028939,0.43818992295643056,0.40883310601897604,0.5668435715220834,0.5380910327794571,0.3739444725937999,0.3975688187449482,0.6636539007347517,0.6636539007347517,0.5776408819971817,0.028613402824921634,0.5668330214351064,0.573429239621209,0.3907111869880653,0.5465055908085953,0.5194889967899703,0.5778227679956437,0.5668435715220834,0.5496953497253239,0.028613402824921634,0.028613402824921634,0.028613402824921634,0.5194889967899703,0.3739444725937999,0.40883310601897604,0.028613402824921634,0.32806802503132265,0.5542593961698167
